{
  "fields": [
    "Magnitude",
    "aRMSX",
    "aRMSY",
    "aRMSZ",
    "vRMSX",
    "vRMSY",
    "vRMSZ",
    "vRMSM",
    "ShockX",
    "ShockY",
    "ShockZ"
  ],
  "matrix": [
    [
      1.0,
      0.957,
      0.985,
      0.978,
      0.859,
      0.974,
      0.881,
      0.91,
      -0.087,
      -0.09,
      0.051
    ],
    [
      0.957,
      1.0,
      0.892,
      0.936,
      0.941,
      0.949,
      0.923,
      0.964,
      -0.088,
      -0.079,
      0.052
    ],
    [
      0.985,
      0.892,
      1.0,
      0.961,
      0.773,
      0.949,
      0.819,
      0.839,
      -0.084,
      -0.093,
      0.048
    ],
    [
      0.978,
      0.936,
      0.961,
      1.0,
      0.837,
      0.958,
      0.885,
      0.89,
      -0.084,
      -0.087,
      0.046
    ],
    [
      0.859,
      0.941,
      0.773,
      0.837,
      1.0,
      0.89,
      0.937,
      0.992,
      -0.084,
      -0.069,
      0.048
    ],
    [
      0.974,
      0.949,
      0.949,
      0.958,
      0.89,
      1.0,
      0.92,
      0.941,
      -0.089,
      -0.092,
      0.053
    ],
    [
      0.881,
      0.923,
      0.819,
      0.885,
      0.937,
      0.92,
      1.0,
      0.956,
      -0.087,
      -0.086,
      0.049
    ],
    [
      0.91,
      0.964,
      0.839,
      0.89,
      0.992,
      0.941,
      0.956,
      1.0,
      -0.087,
      -0.077,
      0.051
    ],
    [
      -0.087,
      -0.088,
      -0.084,
      -0.084,
      -0.084,
      -0.089,
      -0.087,
      -0.087,
      1.0,
      0.381,
      -0.647
    ],
    [
      -0.09,
      -0.079,
      -0.093,
      -0.087,
      -0.069,
      -0.092,
      -0.086,
      -0.077,
      0.381,
      1.0,
      -0.569
    ],
    [
      0.051,
      0.052,
      0.048,
      0.046,
      0.048,
      0.053,
      0.049,
      0.051,
      -0.647,
      -0.569,
      1.0
    ]
  ]
}